3:4:1:00,01,10,11
3:4:1:00,01,10,11
3:4:1:00,01,10,11
3:4:1:00,01,10,11
3:4:1:00,01,10,11
3:4:1:00,01,10,11
3:4:1:00,01,10,11
3:4:1:00,01,10,11
3:4:1:00,01,10,11
3:4:1:00,01,10,11
3:4:1:00,01,10,11
3:4:1:00,01,10,11
3:4:1:00,01,10,11
3:4:1:00,01,10,11
3:4:1:00,01,10,11
3:4:1:00,01,10,11
3:4:1:00,01,10,11
3:4:1:00,01,10,11
3:4:1:00,01,10,11
3:4:1:00,01,10,11
2:2:0:00,01,10,11
2:2:0:00,01,10,11
2:2:0:00,01,10,11
2:2:0:00,01,10,11
2:2:0:00,01,10,11
2:2:0:00,01,10,11
2:2:0:00,01,10,11
2:2:0:00,01,10,11
2:2:0:00,01,10,11
2:2:0:00,01,10,11
2:2:0:00,01,10,11
2:2:0:00,01,10,11
2:2:0:00,01,10,11
2:2:0:00,01,10,11
2:2:0:00,01,10,11
2:2:0:00,01,10,11
2:2:0:00,01,10,11
2:2:0:00,01,10,11
2:2:0:00,01,10,11
2:2:0:00,01,10,11
