2:2:0:00,10,20
2:3:0:00,02,10,11,12,20,22
2:1:0:01,10,11,12,13,22
2:2:0:00,01,10,11,12
1:2:0:00,01,02,10,12
2:1:0:00,10
1:2:0:03,10,11,12,13,20
1:3:0:00,10,11
4:2:0:00,10,11,20,21,31
2:2:0:00,10,11,20
3:1:0:01,10,11
3:4:1:00,01,02,03,12
0:3:1:01,11,20,21,22,31
1:4:1:01,11,20,21,23,31,41
3:2:1:01,02,10,11
5:3:1:01,02,10,11,12,13,21,22
4:2:1:00,01,02,12
1:5:1:00,01,11,21,30,31
7:1:1:00,10,20,30,40
10:3:2:00,01,02,03,13
7:2:2:00,01,02,11,21,31
3:3:1:00,10,20,30
2:3:1:01,10,11,20,30
5:5:2:01,11,20,21,22
5:4:2:01,10,11,12,21
10:5:3:00,01,10,11,12,13
7:4:2:00,01,02,03,11,12
8:6:3:01,02,11,12,20,21
6:5:2:00,01,10,11
3:6:2:00,02,10,11,12,21
10:4:3:02,11,12,20,21
7:6:3:00,10,11,21
4:6:2:01,11,20,21